0.000000 0.000000 0.000000
0.007999 -0.000104 -0.026000
0.015993 -0.000416 -0.052000
0.023976 -0.000936 -0.078000
0.031942 -0.001663 -0.104000
0.039887 -0.002596 -0.130000
0.047806 -0.003736 -0.156000
0.055691 -0.005082 -0.182000
0.063540 -0.006632 -0.208000
0.071345 -0.008386 -0.234000
0.079102 -0.010342 -0.260000
0.086805 -0.012498 -0.286000
0.094450 -0.014855 -0.312000
0.102031 -0.017409 -0.338000
0.109543 -0.020160 -0.364000
0.116981 -0.023105 -0.390000
0.124340 -0.026242 -0.416000
0.131615 -0.029570 -0.442000
0.138801 -0.033085 -0.468000
0.145893 -0.036787 -0.494000
0.152886 -0.040671 -0.520000
0.159776 -0.044736 -0.546000
0.166558 -0.048978 -0.572000
0.173228 -0.053396 -0.598000
0.179780 -0.057985 -0.624000
0.186211 -0.062743 -0.650000
0.192516 -0.067667 -0.676000
0.198691 -0.072753 -0.702000
0.204732 -0.077998 -0.728000
0.210634 -0.083398 -0.754000
0.216394 -0.088950 -0.780000
0.000000 0.000000 0.000000
0.008000 -0.000052 -0.013000
0.015998 -0.000208 -0.026000
0.023994 -0.000468 -0.039000
0.031986 -0.000832 -0.052000
0.039972 -0.001300 -0.065000
0.047951 -0.001871 -0.078000
0.055923 -0.002546 -0.091000
0.063885 -0.003325 -0.104000
0.071836 -0.004207 -0.117000
0.079775 -0.005193 -0.130000
0.087700 -0.006281 -0.143000
0.095611 -0.007473 -0.156000
0.103506 -0.008767 -0.169000
0.111383 -0.010164 -0.182000
0.119241 -0.011663 -0.195000
0.127079 -0.013264 -0.208000
0.134896 -0.014967 -0.221000
0.142689 -0.016771 -0.234000
0.150459 -0.018677 -0.247000
0.158203 -0.020683 -0.260000
0.165921 -0.022790 -0.273000
0.173610 -0.024997 -0.286000
0.181271 -0.027304 -0.299000
0.188900 -0.029710 -0.312000
0.196498 -0.032215 -0.325000
0.204062 -0.034819 -0.338000
0.211592 -0.037520 -0.351000
0.219086 -0.040320 -0.364000
0.226543 -0.043216 -0.377000
0.233962 -0.046210 -0.390000
0.000000 0.000000 0.000000
0.008000 0.000000 0.000000
0.016000 0.000000 0.000000
0.024000 0.000000 0.000000
0.032000 0.000000 0.000000
0.040000 0.000000 0.000000
0.048000 0.000000 0.000000
0.056000 0.000000 0.000000
0.064000 0.000000 0.000000
0.072000 0.000000 0.000000
0.080000 0.000000 0.000000
0.088000 0.000000 0.000000
0.096000 0.000000 0.000000
0.104000 0.000000 0.000000
0.112000 0.000000 0.000000
0.120000 0.000000 0.000000
0.128000 0.000000 0.000000
0.136000 0.000000 0.000000
0.144000 0.000000 0.000000
0.152000 0.000000 0.000000
0.160000 0.000000 0.000000
0.168000 0.000000 0.000000
0.176000 0.000000 0.000000
0.184000 0.000000 0.000000
0.192000 0.000000 0.000000
0.200000 0.000000 0.000000
0.208000 0.000000 0.000000
0.216000 0.000000 0.000000
0.224000 0.000000 0.000000
0.232000 0.000000 0.000000
0.240000 0.000000 0.000000
0.000000 0.000000 0.000000
0.008000 0.000052 0.013000
0.015998 0.000208 0.026000
0.023994 0.000468 0.039000
0.031986 0.000832 0.052000
0.039972 0.001300 0.065000
0.047951 0.001871 0.078000
0.055923 0.002546 0.091000
0.063885 0.003325 0.104000
0.071836 0.004207 0.117000
0.079775 0.005193 0.130000
0.087700 0.006281 0.143000
0.095611 0.007473 0.156000
0.103506 0.008767 0.169000
0.111383 0.010164 0.182000
0.119241 0.011663 0.195000
0.127079 0.013264 0.208000
0.134896 0.014967 0.221000
0.142689 0.016771 0.234000
0.150459 0.018677 0.247000
0.158203 0.020683 0.260000
0.165921 0.022790 0.273000
0.173610 0.024997 0.286000
0.181271 0.027304 0.299000
0.188900 0.029710 0.312000
0.196498 0.032215 0.325000
0.204062 0.034819 0.338000
0.211592 0.037520 0.351000
0.219086 0.040320 0.364000
0.226543 0.043216 0.377000
0.233962 0.046210 0.390000
0.000000 0.000000 0.000000
0.007999 0.000104 0.026000
0.015993 0.000416 0.052000
0.023976 0.000936 0.078000
0.031942 0.001663 0.104000
0.039887 0.002596 0.130000
0.047806 0.003736 0.156000
0.055691 0.005082 0.182000
0.063540 0.006632 0.208000
0.071345 0.008386 0.234000
0.079102 0.010342 0.260000
0.086805 0.012498 0.286000
0.094450 0.014855 0.312000
0.102031 0.017409 0.338000
0.109543 0.020160 0.364000
0.116981 0.023105 0.390000
0.124340 0.026242 0.416000
0.131615 0.029570 0.442000
0.138801 0.033085 0.468000
0.145893 0.036787 0.494000
0.152886 0.040671 0.520000
0.159776 0.044736 0.546000
0.166558 0.048978 0.572000
0.173228 0.053396 0.598000
0.179780 0.057985 0.624000
0.186211 0.062743 0.650000
0.192516 0.067667 0.676000
0.198691 0.072753 0.702000
0.204732 0.077998 0.728000
0.210634 0.083398 0.754000
0.216394 0.088950 0.780000
0.000000 0.000000 0.000000
0.019998 -0.000260 -0.026000
0.039982 -0.001040 -0.052000
0.059939 -0.002339 -0.078000
0.079856 -0.004156 -0.104000
0.099719 -0.006491 -0.130000
0.119514 -0.009341 -0.156000
0.139228 -0.012705 -0.182000
0.158849 -0.016580 -0.208000
0.178362 -0.020964 -0.234000
0.197754 -0.025854 -0.260000
0.217013 -0.031246 -0.286000
0.236125 -0.037137 -0.312000
0.255078 -0.043523 -0.338000
0.273858 -0.050400 -0.364000
0.292453 -0.057762 -0.390000
0.310850 -0.065606 -0.416000
0.329037 -0.073925 -0.442000
0.347002 -0.082714 -0.468000
0.364732 -0.091967 -0.494000
0.382215 -0.101678 -0.520000
0.399441 -0.111840 -0.546000
0.416396 -0.122446 -0.572000
0.433070 -0.133490 -0.598000
0.449451 -0.144963 -0.624000
0.465528 -0.156859 -0.650000
0.481291 -0.169168 -0.676000
0.496728 -0.181883 -0.702000
0.511829 -0.194995 -0.728000
0.526585 -0.208495 -0.754000
0.540984 -0.222374 -0.780000
0.000000 0.000000 0.000000
0.019999 -0.000130 -0.013000
0.039995 -0.000520 -0.026000
0.059985 -0.001170 -0.039000
0.079964 -0.002080 -0.052000
0.099930 -0.003249 -0.065000
0.119878 -0.004678 -0.078000
0.139807 -0.006366 -0.091000
0.159712 -0.008313 -0.104000
0.179590 -0.010518 -0.117000
0.199437 -0.012982 -0.130000
0.219251 -0.015703 -0.143000
0.239028 -0.018682 -0.156000
0.258764 -0.021918 -0.169000
0.278457 -0.025410 -0.182000
0.298102 -0.029157 -0.195000
0.317698 -0.033160 -0.208000
0.337239 -0.037417 -0.221000
0.356724 -0.041928 -0.234000
0.376148 -0.046692 -0.247000
0.395509 -0.051708 -0.260000
0.414802 -0.056975 -0.273000
0.434026 -0.062492 -0.286000
0.453176 -0.068259 -0.299000
0.472250 -0.074275 -0.312000
0.491244 -0.080537 -0.325000
0.510155 -0.087047 -0.338000
0.528980 -0.093801 -0.351000
0.547715 -0.100800 -0.364000
0.566358 -0.108041 -0.377000
0.584905 -0.115525 -0.390000
0.000000 0.000000 0.000000
0.020000 0.000000 0.000000
0.040000 0.000000 0.000000
0.060000 0.000000 0.000000
0.080000 0.000000 0.000000
0.100000 0.000000 0.000000
0.120000 0.000000 0.000000
0.140000 0.000000 0.000000
0.160000 0.000000 0.000000
0.180000 0.000000 0.000000
0.200000 0.000000 0.000000
0.220000 0.000000 0.000000
0.240000 0.000000 0.000000
0.260000 0.000000 0.000000
0.280000 0.000000 0.000000
0.300000 0.000000 0.000000
0.320000 0.000000 0.000000
0.340000 0.000000 0.000000
0.360000 0.000000 0.000000
0.380000 0.000000 0.000000
0.400000 0.000000 0.000000
0.420000 0.000000 0.000000
0.440000 0.000000 0.000000
0.460000 0.000000 0.000000
0.480000 0.000000 0.000000
0.500000 0.000000 0.000000
0.520000 0.000000 0.000000
0.540000 0.000000 0.000000
0.560000 0.000000 0.000000
0.580000 0.000000 0.000000
0.600000 0.000000 0.000000
0.000000 0.000000 0.000000
0.019999 0.000130 0.013000
0.039995 0.000520 0.026000
0.059985 0.001170 0.039000
0.079964 0.002080 0.052000
0.099930 0.003249 0.065000
0.119878 0.004678 0.078000
0.139807 0.006366 0.091000
0.159712 0.008313 0.104000
0.179590 0.010518 0.117000
0.199437 0.012982 0.130000
0.219251 0.015703 0.143000
0.239028 0.018682 0.156000
0.258764 0.021918 0.169000
0.278457 0.025410 0.182000
0.298102 0.029157 0.195000
0.317698 0.033160 0.208000
0.337239 0.037417 0.221000
0.356724 0.041928 0.234000
0.376148 0.046692 0.247000
0.395509 0.051708 0.260000
0.414802 0.056975 0.273000
0.434026 0.062492 0.286000
0.453176 0.068259 0.299000
0.472250 0.074275 0.312000
0.491244 0.080537 0.325000
0.510155 0.087047 0.338000
0.528980 0.093801 0.351000
0.547715 0.100800 0.364000
0.566358 0.108041 0.377000
0.584905 0.115525 0.390000
0.000000 0.000000 0.000000
0.019998 0.000260 0.026000
0.039982 0.001040 0.052000
0.059939 0.002339 0.078000
0.079856 0.004156 0.104000
0.099719 0.006491 0.130000
0.119514 0.009341 0.156000
0.139228 0.012705 0.182000
0.158849 0.016580 0.208000
0.178362 0.020964 0.234000
0.197754 0.025854 0.260000
0.217013 0.031246 0.286000
0.236125 0.037137 0.312000
0.255078 0.043523 0.338000
0.273858 0.050400 0.364000
0.292453 0.057762 0.390000
0.310850 0.065606 0.416000
0.329037 0.073925 0.442000
0.347002 0.082714 0.468000
0.364732 0.091967 0.494000
0.382215 0.101678 0.520000
0.399441 0.111840 0.546000
0.416396 0.122446 0.572000
0.433070 0.133490 0.598000
0.449451 0.144963 0.624000
0.465528 0.156859 0.650000
0.481291 0.169168 0.676000
0.496728 0.181883 0.702000
0.511829 0.194995 0.728000
0.526585 0.208495 0.754000
0.540984 0.222374 0.780000
